0.03844416241504644
0.032618359888070506
0.031956241466104984
0.031568713152879166
0.030826486460864545
0.030025526008715754
0.02921828013893805
0.028582712664808097
0.02783729365389598
0.027202072631763784
0.02650959713286475
0.025902476936186615
0.02538246532019816
0.024927311596509658
0.024311253653937263
0.023960692808032036
0.02365260827110002
0.023205964835850815
0.022900678933058916
0.022519758480944133
0.022132987166313747
0.02187371958831423
0.021609497668319627
0.02135797590997658
0.021036944606978643
0.020792403297596858
0.020670262773178124
0.020500557830459194
0.020165574217313215
0.01998513919350348
0.01992939556703756
0.019758362058354052
0.019565126250841117
0.019382507187363347
0.019264815424225833
0.019174467576177495
0.018977808285700646
0.01884180558355231
0.01886992858428704
0.018714503973330323
0.018654190935194492
0.018559802500040908
0.018392430373320456
0.01835407890183361
0.01824844821699356
0.018191234198840042
0.018131036997625704
0.018083432110908786
0.017954637330809705
0.01786753698987396
0.0177836160812723
0.017745037283748388
0.017690243385732173
0.017645071388075226
0.017541135484842877
0.01750401203569613
0.017459827489954862
0.017387362084302464
0.017361411339554347
0.017277608061895558
0.017262231926188656
0.0171331960462818
0.017096668280857173
0.017070473539397904
0.017021301413249028
0.01695434215821718
0.01690364148663847
0.01684132038468593
0.016852789239859896
0.016772309646598604
0.01674423085427598
0.016733682758517957
0.016676850352240237
0.016593750129993024
0.016582511306593294
0.01652277259058074
0.016448509928427245
0.016439411901917896
0.016407439695965302
0.016333089200289627
0.0163377714343369
0.016280093151879938
0.0162281432973319
0.016210633182996197
0.016148976065022382
0.016155013804765125
0.016123805528408603
0.01609795194021181
0.016016720980405807
0.01597256513410493
0.015957180905695024
0.01590393508637422
0.01590912644506285
0.0158421615040616
0.015801381104086576
0.015805667231937773
0.015756872830618367
0.015713624465034198
0.01572228068681924
0.015678951359893147
